N <- 9664
K <- 3
heatsum <- 
c(222.1, 243.2, 270.7, 288, 303.1, 316.4, 334, 358.8, 222.1, 243.2, 270.7, 288,
303.1, 316.4, 334, 358.8, 222.1, 243.2, 270.7, 288, 303.1, 316.4, 334, 358.8, 222.1, 243.2,
270.7, 288, 303.1, 316.4, 334, 358.8, 222.1, 243.2, 270.7, 288, 303.1, 316.4, 334, 358.8,
222.1, 243.2, 270.7, 288, 303.1, 316.4, 334, 358.8, 222.1, 243.2, 270.7, 288, 303.1, 316.4,
334, 358.8, 222.1, 243.2, 270.7, 288, 303.1, 316.4, 334, 358.8, 222.1, 243.2, 270.7, 288,
303.1, 316.4, 334, 358.8, 222.1, 243.2, 270.7, 288, 303.1, 316.4, 334, 358.8, 222.1, 243.2,
270.7, 288, 303.1, 316.4, 334, 358.8, 222.1, 243.2, 270.7, 288, 303.1, 316.4, 334, 358.8,
222.1, 243.2, 270.7, 288, 303.1, 316.4, 334, 358.8, 222.1, 243.2, 270.7, 288, 303.1, 316.4,
334, 358.8, 222.1, 243.2, 270.7, 288, 303.1, 316.4, 334, 358.8, 222.1, 243.2, 270.7, 288,
303.1, 316.4, 334, 358.8, 222.1, 243.2, 270.7, 288, 303.1, 316.4, 334, 358.8, 222.1, 243.2,
270.7, 288, 303.1, 316.4, 334, 358.8, 222.1, 243.2, 270.7, 288, 303.1, 316.4, 334, 358.8,
222.1, 243.2, 270.7, 288, 303.1, 316.4, 334, 358.8, 222.1, 243.2, 270.7, 288, 303.1, 316.4,
334, 358.8, 222.1, 243.2, 270.7, 288, 303.1, 316.4, 334, 358.8, 222.1, 243.2, 270.7, 288,
303.1, 316.4, 334, 358.8, 222.1, 243.2, 270.7, 288, 303.1, 316.4, 334, 358.8, 222.1, 243.2,
270.7, 288, 303.1, 316.4, 334, 358.8, 222.1, 243.2, 270.7, 288, 303.1, 316.4, 334, 358.8,
222.1, 243.2, 270.7, 288, 303.1, 316.4, 334, 358.8, 222.1, 243.2, 270.7, 288, 303.1, 316.4,
334, 358.8, 222.1, 243.2, 270.7, 288, 303.1, 316.4, 334, 358.8, 222.1, 243.2, 270.7, 288,
303.1, 316.4, 334, 358.8, 222.1, 243.2, 270.7, 288, 303.1, 316.4, 334, 358.8, 222.1, 243.2,
270.7, 288, 303.1, 316.4, 334, 358.8, 222.1, 243.2, 270.7, 288, 303.1, 316.4, 334, 358.8,
222.1, 243.2, 270.7, 288, 303.1, 316.4, 334, 358.8, 222.1, 243.2, 270.7, 288, 303.1, 316.4,
334, 358.8, 222.1, 243.2, 270.7, 288, 303.1, 316.4, 334, 358.8, 202.3, 222.1, 243.2, 270.7,
288, 303.1, 316.4, 334, 358.8, 202.3, 222.1, 243.2, 270.7, 288, 303.1, 316.4, 334, 358.8,
202.3, 222.1, 243.2, 270.7, 288, 303.1, 316.4, 334, 358.8, 202.3, 222.1, 243.2, 270.7, 288,
303.1, 316.4, 334, 358.8, 202.3, 222.1, 243.2, 270.7, 288, 303.1, 316.4, 334, 358.8, 202.3,
222.1, 243.2, 270.7, 288, 303.1, 316.4, 334, 358.8, 202.3, 222.1, 243.2, 270.7, 288, 303.1,
316.4, 334, 358.8, 202.3, 222.1, 243.2, 270.7, 288, 303.1, 316.4, 334, 358.8, 202.3, 222.1,
243.2, 270.7, 288, 303.1, 316.4, 334, 358.8, 202.3, 222.1, 243.2, 270.7, 288, 303.1, 316.4,
334, 358.8, 202.3, 222.1, 243.2, 270.7, 288, 303.1, 316.4, 334, 358.8, 202.3, 222.1, 243.2,
270.7, 288, 303.1, 316.4, 334, 358.8, 202.3, 222.1, 243.2, 270.7, 288, 303.1, 316.4, 334,
358.8, 202.3, 222.1, 243.2, 270.7, 288, 303.1, 316.4, 334, 358.8, 202.3, 222.1, 243.2,
270.7, 288, 303.1, 316.4, 334, 358.8, 202.3, 222.1, 243.2, 270.7, 288, 303.1, 316.4, 334,
358.8, 202.3, 222.1, 243.2, 270.7, 288, 303.1, 316.4, 334, 358.8, 202.3, 222.1, 243.2,
270.7, 288, 303.1, 316.4, 334, 358.8, 202.3, 222.1, 243.2, 270.7, 288, 303.1, 316.4, 334,
358.8, 202.3, 222.1, 243.2, 270.7, 288, 303.1, 316.4, 334, 358.8, 202.3, 222.1, 243.2,
270.7, 288, 303.1, 316.4, 334, 358.8, 202.3, 222.1, 243.2, 270.7, 288, 303.1, 316.4, 334,
358.8, 202.3, 222.1, 243.2, 270.7, 288, 303.1, 316.4, 334, 358.8, 202.3, 222.1, 243.2,
270.7, 288, 303.1, 316.4, 334, 358.8, 202.3, 222.1, 243.2, 270.7, 288, 303.1, 316.4, 334,
358.8, 202.3, 222.1, 243.2, 270.7, 288, 303.1, 316.4, 334, 358.8, 202.3, 222.1, 243.2,
270.7, 288, 303.1, 316.4, 334, 358.8, 202.3, 222.1, 243.2, 270.7, 288, 303.1, 316.4, 334,
358.8, 202.3, 222.1, 243.2, 270.7, 288, 303.1, 316.4, 334, 358.8, 202.3, 222.1, 243.2,
270.7, 288, 303.1, 316.4, 334, 358.8, 202.3, 222.1, 243.2, 270.7, 288, 303.1, 316.4, 334,
358.8, 202.3, 222.1, 243.2, 270.7, 288, 303.1, 316.4, 334, 358.8, 202.3, 222.1, 243.2,
270.7, 288, 303.1, 316.4, 334, 358.8, 202.3, 222.1, 243.2, 270.7, 288, 303.1, 316.4, 334,
358.8, 202.3, 222.1, 243.2, 270.7, 288, 303.1, 316.4, 334, 358.8, 202.3, 222.1, 243.2,
270.7, 288, 303.1, 316.4, 334, 358.8, 202.3, 222.1, 243.2, 270.7, 288, 303.1, 316.4, 334,
358.8, 202.3, 222.1, 243.2, 270.7, 288, 303.1, 316.4, 334, 358.8, 202.3, 222.1, 243.2,
270.7, 288, 303.1, 316.4, 334, 358.8, 202.3, 222.1, 243.2, 270.7, 288, 303.1, 316.4, 334,
358.8, 202.3, 222.1, 243.2, 270.7, 288, 303.1, 316.4, 334, 358.8, 202.3, 222.1, 243.2,
270.7, 288, 303.1, 316.4, 334, 358.8, 202.3, 222.1, 243.2, 270.7, 288, 303.1, 316.4, 334,
358.8, 202.3, 222.1, 243.2, 270.7, 288, 303.1, 316.4, 334, 358.8, 202.3, 222.1, 243.2,
270.7, 288, 303.1, 316.4, 334, 358.8, 202.3, 222.1, 243.2, 270.7, 288, 303.1, 316.4, 334,
358.8, 202.3, 222.1, 243.2, 270.7, 288, 303.1, 316.4, 334, 358.8, 202.3, 222.1, 243.2,
270.7, 288, 303.1, 316.4, 334, 358.8, 202.3, 222.1, 243.2, 270.7, 288, 303.1, 316.4, 334,
358.8, 202.3, 222.1, 243.2, 270.7, 288, 303.1, 316.4, 334, 358.8, 202.3, 222.1, 243.2,
270.7, 288, 303.1, 316.4, 334, 358.8, 202.3, 222.1, 243.2, 270.7, 288, 303.1, 316.4, 334,
358.8, 202.3, 222.1, 243.2, 270.7, 288, 303.1, 316.4, 334, 358.8, 202.3, 222.1, 243.2,
270.7, 288, 303.1, 316.4, 334, 358.8, 202.3, 222.1, 243.2, 270.7, 288, 303.1, 316.4, 334,
358.8, 202.3, 222.1, 243.2, 270.7, 288, 303.1, 316.4, 334, 358.8, 202.3, 222.1, 243.2,
270.7, 288, 303.1, 316.4, 334, 358.8, 202.3, 222.1, 243.2, 270.7, 288, 303.1, 316.4, 334,
358.8, 202.3, 222.1, 243.2, 270.7, 288, 303.1, 316.4, 334, 358.8, 202.3, 222.1, 243.2,
270.7, 288, 303.1, 316.4, 334, 358.8, 202.3, 222.1, 243.2, 270.7, 288, 303.1, 316.4, 334,
358.8, 202.3, 222.1, 243.2, 270.7, 288, 303.1, 316.4, 334, 358.8, 202.3, 222.1, 243.2,
270.7, 288, 303.1, 316.4, 334, 358.8, 202.3, 222.1, 243.2, 270.7, 288, 303.1, 316.4, 334,
358.8, 202.3, 222.1, 243.2, 270.7, 288, 303.1, 316.4, 334, 358.8, 202.3, 222.1, 243.2,
270.7, 288, 303.1, 316.4, 334, 358.8, 202.3, 222.1, 243.2, 270.7, 288, 303.1, 316.4, 334,
358.8, 202.3, 222.1, 243.2, 270.7, 288, 303.1, 316.4, 334, 358.8, 202.3, 222.1, 243.2,
270.7, 288, 303.1, 316.4, 334, 358.8, 202.3, 222.1, 243.2, 270.7, 288, 303.1, 316.4, 334,
358.8, 202.3, 222.1, 243.2, 270.7, 288, 303.1, 316.4, 334, 358.8, 202.3, 222.1, 243.2,
270.7, 288, 303.1, 316.4, 334, 358.8, 202.3, 222.1, 243.2, 270.7, 288, 303.1, 316.4, 334,
358.8, 202.3, 222.1, 243.2, 270.7, 288, 303.1, 316.4, 334, 358.8, 202.3, 222.1, 243.2,
270.7, 288, 303.1, 316.4, 334, 358.8, 202.3, 222.1, 243.2, 270.7, 288, 303.1, 316.4, 334,
358.8, 202.3, 222.1, 243.2, 270.7, 288, 303.1, 316.4, 334, 358.8, 202.3, 222.1, 243.2,
270.7, 288, 303.1, 316.4, 334, 358.8, 204.5, 222.3, 251.9, 275.4, 301.9, 329.2, 380.8,
400.1, 204.5, 222.3, 251.9, 275.4, 301.9, 329.2, 380.8, 400.1, 204.5, 222.3, 251.9, 275.4,
301.9, 329.2, 380.8, 400.1, 204.5, 222.3, 251.9, 275.4, 301.9, 329.2, 380.8, 400.1, 204.5,
222.3, 251.9, 275.4, 301.9, 329.2, 380.8, 400.1, 204.5, 222.3, 251.9, 275.4, 301.9, 329.2,
380.8, 400.1, 204.5, 222.3, 251.9, 275.4, 301.9, 329.2, 380.8, 400.1, 204.5, 222.3, 251.9,
275.4, 301.9, 329.2, 380.8, 400.1, 204.5, 222.3, 251.9, 275.4, 301.9, 329.2, 380.8, 400.1,
204.5, 222.3, 251.9, 275.4, 301.9, 329.2, 380.8, 400.1, 204.5, 222.3, 251.9, 275.4, 301.9,
329.2, 380.8, 400.1, 204.5, 222.3, 251.9, 275.4, 301.9, 329.2, 380.8, 400.1, 204.5, 222.3,
251.9, 275.4, 301.9, 329.2, 380.8, 400.1, 204.5, 222.3, 251.9, 275.4, 301.9, 329.2, 380.8,
400.1, 204.5, 222.3, 251.9, 275.4, 301.9, 329.2, 380.8, 400.1, 204.5, 222.3, 251.9, 275.4,
301.9, 329.2, 380.8, 400.1, 204.5, 222.3, 251.9, 275.4, 301.9, 329.2, 380.8, 400.1, 204.5,
222.3, 251.9, 275.4, 301.9, 329.2, 380.8, 400.1, 204.5, 222.3, 251.9, 275.4, 301.9, 329.2,
380.8, 400.1, 204.5, 222.3, 251.9, 275.4, 301.9, 329.2, 380.8, 400.1, 204.5, 222.3, 251.9,
275.4, 301.9, 329.2, 380.8, 400.1, 204.5, 222.3, 251.9, 275.4, 301.9, 329.2, 380.8, 400.1,
204.5, 222.3, 251.9, 275.4, 301.9, 329.2, 380.8, 400.1, 204.5, 222.3, 251.9, 275.4, 301.9,
329.2, 380.8, 400.1, 204.5, 222.3, 251.9, 275.4, 301.9, 329.2, 380.8, 400.1, 204.5, 222.3,
