N <- 100
K <- 3
heatsum <- 
c(139.527588849595, 427.704293412422, 232.630345507623, 237.378805137508,
281.928914247959, 463.218840228776, 60.042333166879, 214.371933339157, 95.6787458753084,
261.302959160905, 71.3989728318116, 214.466272128792, 48.2389124336403, 248.558634601553,
498.283022247413, 143.452881526643, 154.701132934679, 473.949649026464, 385.103915640589,
98.0991716201085, 194.792674040501, 16.1140630421273, 241.229756849706, 410.768550739668,
174.591510097901, 38.7956781016795, 486.781093228224, 242.425188817348, 242.16682828327,
441.306481348517, 227.967829026856, 345.334927644024, 177.454046328109, 450.845545750445,
42.9871248532518, 474.614249224228, 426.015021110555, 227.950534598784, 72.5100628267347,
226.151205808392, 478.58319811437, 396.771684345959, 399.284898693907, 229.428556622405,
197.018458248855, 384.780798848322, 51.7968456049118, 464.633779813771, 65.6587216754677,
474.769274392239, 109.254843739754, 445.84977829041, 275.114338453781, 367.018069403038,
71.9092433267249, 264.803039270016, 309.46193827024, 495.544191271439, 197.08579403785,
279.371972207906, 329.998795352828, 375.024008449197, 329.809998797094, 224.256974545354,
356.807466217057, 441.252121444644, 172.849131452397, 86.6123966167989, 13.4609011735942,
298.524408914661, 407.820138881231, 80.4630571137289, 400.034917473329, 145.181783701122,
150.531372495786, 225.41916155538, 130.975996267021, 394.411961976173, 279.647531942319,
438.342121056012, 81.7880430416072, 294.882697686512, 270.600401224398, 403.239020229576,
4.74142791133504, 251.166994730179, 274.425978586373, 66.7695627744228, 72.0566239659068,
89.9459089782779, 490.99471989346, 67.5263045389495, 383.054831737054, 41.08086509302,
222.496530336655, 383.909933975085, 31.8403633955267, 41.9103927464661, 159.45008313875,
304.666467803212)
phenophase <- 
c(1, 3, 2, 2, 2, 3, 1, 2, 1, 2, 1, 2, 1, 2, 3, 1, 1, 3, 3, 1, 1, 1, 2, 3, 1,
1, 3, 2, 2, 3, 2, 3, 2, 3, 1, 3, 3, 2, 1, 2, 3, 3, 3, 2, 2, 3, 1, 3, 1, 3, 1, 3, 2, 3, 1,
2, 3, 3, 1, 3, 3, 3, 3, 2, 3, 3, 2, 1, 1, 2, 3, 1, 3, 2, 1, 2, 1, 3, 2, 3, 1, 3, 2, 3, 1,
2, 2, 1, 1, 2, 3, 1, 3, 1, 2, 3, 1, 1, 1, 2)
