N <- 100
K <- 3
heatsum <- 
c(330.402467825735, 350.160863536333, 463.787103484241, 255.506521078553,
266.972630498766, 58.9721058828761, 392.424010088884, 106.707788620549, 116.202794710845,
385.928467004489, 33.8076010381122, 96.2447243635758, 184.323224170039, 240.042698403668,
419.208296365996, 175.615183591333, 464.138656349817, 219.536746097803, 408.567579759663,
56.1660380709354, 312.11388639258, 198.442186026847, 281.869221823641, 447.309756404086,
256.424759771921, 24.6238171205149, 229.844399619204, 451.876767380816, 459.730629826353,
409.472348035603, 435.700679649719, 76.2772669828706, 139.263510460342, 451.383540555362,
361.764441063507, 10.641023709964, 127.938838211233, 210.271071448602, 54.5006320751525,
129.171833213781, 432.511453608044, 447.494479587546, 346.615617540173, 29.1377001003559,
80.4318852802469, 197.148815940506, 273.051182265581, 237.070145731807, 129.715741917283,
403.426597684011, 116.736848158468, 156.909666021462, 31.6990249446203, 47.4272941140213,
46.8944814209479, 252.223918070671, 295.171603506784, 86.1810505909707, 291.897407315288,
429.070549039201, 455.909446211631, 20.1393073573617, 434.356711737196, 357.322432906241,
430.022599632826, 22.1375075186722, 288.22375847364, 50.1696189467736, 470.139595648276,
326.41481634773, 334.424658799786, 178.950784909431, 279.511436604887, 166.973382169246,
419.569114028916, 489.604100401491, 283.240526615961, 460.783471179837, 61.0083068007205,
476.138080213161, 283.706342055809, 0.177285641080963, 60.4468286961444, 321.883501569732,
70.2590814522845, 29.0666739455117, 223.257631389497, 424.562359234487, 384.512892024642,
201.283234781752, 250.168220612438, 46.5327226565285, 4.87091341935962, 100.151419692217,
328.825197079669, 336.700275287136, 52.5492183022354, 171.2065549678, 366.684028429364,
55.2562630046339)
phenophase <- 
c(3, 3, 3, 2, 3, 1, 3, 1, 1, 3, 1, 1, 1, 2, 3, 1, 3, 2, 3, 1, 3, 1, 2, 3, 2,
1, 2, 3, 3, 3, 3, 1, 1, 3, 3, 1, 1, 2, 1, 1, 3, 3, 3, 1, 1, 1, 2, 2, 1, 3, 1, 2, 1, 1, 1,
2, 2, 1, 2, 3, 3, 1, 3, 3, 3, 1, 3, 1, 3, 3, 3, 2, 2, 2, 3, 3, 3, 3, 1, 3, 3, 1, 1, 3, 1,
1, 2, 3, 3, 2, 2, 1, 1, 1, 3, 3, 1, 2, 3, 1)
