N <- 322
K <- 3
forcing <- 
c(309.395366148068, 317.633461674659, 331.302368746304,
303.165420587134, 338.824173892757, 343.978265661179, 350.17636825189,
354.936714413678, 325.075943841269, 359.55924217863, 298.427280766788,
367.509206483793, 380.719181660916, 399.057731720661, 334.991860555112,
436.745569707789, 417.402433423545, 453.771862913056, 276.376923459734,
286.666105465043, 314.864732917094, 322.668960830778, 330.296842052032,
358.78639551246, 349.30148499826, 378.644384012548, 367.078668285772,
402.681509172522, 339.357028962676, 391.576150472955, 302.179352811828,
413.528338279899, 423.948024972088, 295.599904434917, 310.668226791877,
326.535838609539, 284.260066260221, 343.869232242359, 366.635553520314,
270.897165035254, 357.129016495193, 373.443037823749, 382.651290462418,
394.44524192386, 276.401910202406, 417.886738572976, 406.045107207131,
292.788021223143, 305.398417579129, 316.030183892566, 284.667110269828,
328.44529939121, 323.337599745969, 342.775884644022, 334.076208907285,
269.754736397396, 366.414258963971, 380.092005791965, 402.935550160654,
354.014350959789, 462.721033525878, 281.882996891203, 294.259140716751,
285.050891073166, 289.205467710878, 314.510568099808, 308.975018763254,
330.95048484416, 325.856443886402, 319.832024198244, 299.052612580768,
304.326111077347, 344.905205321623, 335.780498454021, 340.068078467601,
234.600341110885, 285.564337818305, 253.127231445016, 304.253002799586,
271.651071144928, 289.188252973755, 314.876655553222, 330.249695046311,
343.95220620826, 356.135847241154, 368.327861133816, 389.33701552723,
257.438842652036, 272.640833878142, 287.068464452815, 313.030455121715,
333.988632285799, 356.82899864412, 385.626899289243, 437.610459855871,
453.512146307706, 262.003453956478, 275.15608692772, 285.047170492928,
297.790156524569, 306.04236589747, 314.148822451919, 323.958665034294,
343.356867994692, 368.817096590644, 398.854822764724, 421.361013498592,
437.174000483817, 449.174623865255, 268.663587711843, 287.77379673364,
305.612189364549, 319.115459395067, 331.006452275956, 342.513936698117,
362.523879557585, 378.271756348053, 255.389698468798, 268.531793941603,
289.863528065875, 302.353260631383, 315.248927403182, 329.156945698394,
337.005422036302, 350.777592535878, 363.282515338456, 295.327878720093,
308.907568800849, 322.781779404775, 333.151698592307, 343.444619157536,
374.378356774491, 368.44246609063, 382.341252211856, 295.919050707336,
317.467432391942, 384.825928414999, 398.590293398825, 259.50197825839,
273.517053463459, 286.704702823526, 406.436968590701, 306.088938175278,
328.928573833886, 305.964034326508, 317.428484219405, 335.254981208478,
373.288664536479, 271.827291729349, 298.494077889235, 312.668579521143,
334.392681703449, 343.946207606236, 244.0500481874, 268.860549830788,
349.269380731313, 307.613758445457, 335.271832461039, 398.48193122973,
292.000036586162, 313.337107164111, 346.803583116673, 310.119904521239,
335.654846353264, 371.528500060739, 392.931067054431, 302.802728018502,
296.239321181237, 384.95072253434, 415.323901338351, 326.422591533497,
279.17087730886, 360.988838219809, 398.687990597456, 351.330814365277,
343.854933102916, 306.026380432417, 314.10517507904, 303.070582051959,
321.15246511564, 245.847122774689, 265.114691406613, 278.887416721038,
314.309492661057, 328.543266576877, 356.164589277483, 273.195344732595,
286.765246810568, 335.183762495516, 361.811730415113, 284.021505983838,
327.263154880986, 383.076930436581, 276.131831183839, 331.453171492044,
338.809403264633, 451.36304384844, 442.342314063553, 317.060779653971,
322.788132367555, 405.403971604824, 308.842462923849, 312.349763991507,
351.380687093708, 462.782170436422, 305.452789826133, 386.846505425162,
369.167922823554, 327.18887798147, 476.766997714001, 470.154418837433,
332.072692507763, 339.927218953834, 383.391897211265, 325.391002521197,
349.579948270067, 395.569832067889, 360.294943514267, 371.916843060604,
413.829828167993, 418.823721219533, 432.562761994382, 405.977949080803,
285.487746061082, 293.386886004795, 332.317183328717, 323.222019737291,
353.468318921522, 314.6104102217, 339.933166995294, 348.620759810223,
357.876584217927, 372.709109385292, 304.060598876792, 380.525883104396,
234.053309033218, 241.219321713701, 265.883493894774, 227.319299004703,
257.089060320887, 218.396584351329, 248.915504375854, 222.484817590523,
285.403255705796, 273.551247839716, 279.277467834866, 189.74655736093,
196.913975771005, 237.91865625964, 226.997346221005, 230.618106538107,
243.503833415723, 209.954201702041, 204.219113920398, 220.897644428993,
233.349643443425, 216.034764486338, 248.944758381263, 260.446194698837,
266.594008497053, 254.811583199657, 318.136192522773, 326.766803606507,
346.58885786749, 307.792642777059, 312.437069563875, 334.08734515418,
381.860235730712, 400.350618264188, 345.336740621113, 355.967002480817,
414.173880917146, 328.015094380164, 335.810509607592, 378.885213244086,
367.545713984092, 427.760436051452, 401.372855530954, 390.980969745206,
422.567195491993, 409.229015174154, 321.376752558603, 418.306241676402,
319.662216991142, 328.761343778449, 354.186689602312, 336.333515010561,
344.955581118755, 368.896959123031, 384.748891387857, 360.789851334578,
311.09435096092, 349.807637958146, 376.680236640173, 296.671817379939,
315.539373492041, 347.455686258597, 332.538202870882, 364.425347741193,
395.691132544136, 413.877698004766, 328.926507895922, 336.298373763647,
301.310502594193, 307.438653918748, 471.427549852757, 341.377566639549,
292.360516418414, 449.808173217181, 377.472632369253, 296.771821194428,
348.029663480695, 317.004206529775, 328.165180034057, 365.914460977511,
302.016468786512, 308.590058895706, 339.046688680735, 357.600541359402,
379.830066418034, 391.374834163444, 374.974042672733)
state <- 
c(2, 1, 2, 2, 2, 2, 2, 2, 2, 2, 1, 2, 3, 1, 2, 3, 3, 3, 2, 1, 1,
2, 2, 2, 2, 2, 2, 3, 2, 3, 1, 3, 3, 1, 2, 2, 2, 2, 2, 2, 2, 2, 2, 3, 1, 3,
3, 1, 2, 2, 1, 2, 2, 2, 2, 1, 2, 2, 2, 3, 2, 2, 1, 1, 1, 2, 2, 2, 2, 2, 1,
1, 2, 2, 2, 1, 2, 1, 1, 1, 1, 2, 2, 2, 2, 2, 2, 1, 2, 1, 2, 1, 2, 3, 3, 3,
1, 2, 1, 2, 1, 2, 1, 1, 2, 3, 3, 3, 3, 2, 1, 1, 1, 2, 2, 2, 3, 1, 1, 2, 1,
1, 2, 2, 2, 2, 1, 2, 1, 1, 2, 2, 3, 2, 2, 2, 2, 3, 1, 2, 1, 3, 2, 2, 2, 2,
2, 2, 1, 2, 2, 2, 2, 1, 1, 2, 2, 2, 3, 1, 2, 2, 2, 2, 2, 2, 1, 1, 2, 3, 2,
1, 2, 2, 2, 1, 1, 2, 2, 2, 1, 1, 1, 2, 2, 3, 1, 1, 2, 2, 2, 2, 3, 1, 2, 2,
3, 3, 2, 2, 2, 2, 2, 2, 3, 1, 2, 2, 2, 3, 3, 1, 1, 2, 2, 2, 2, 2, 2, 3, 3,
3, 3, 1, 1, 2, 2, 3, 1, 2, 2, 2, 3, 2, 2, 1, 1, 1, 1, 1, 1, 1, 1, 1, 1, 1,
1, 1, 1, 1, 1, 1, 1, 1, 1, 1, 1, 1, 1, 1, 1, 1, 2, 3, 2, 1, 2, 2, 3, 1, 3,
3, 2, 2, 2, 2, 2, 2, 2, 3, 2, 2, 3, 1, 3, 2, 2, 2, 2, 2, 2, 1, 2, 2, 2, 2,
2, 2, 2, 2, 2, 2, 2, 1, 2, 3, 2, 2, 3, 3, 1, 2, 2, 1, 2, 2, 1, 2, 2, 3, 2,
3)
